# Hier OSM-Way-IDs eintragen, die ausgeschlossen werden sollen. Eine ID pro Zeile.
343030047
199387284
23129471
137460401
991852956
1255579550
27730218
27730218
4525902
1153063170
1153062396
529086032
1222845492
1275427680
176043821
176043814
4588211
1251176039
1303757120
1316364026
1306240606
25707558
1369516344
1362014552
980782556
1132423156
25642130
24325818
23318939
37022828
1147596099
1097160406
1093760298
1256517420
175594901
30824596
935201704
935201705
98774525
685111949
1119215744
1119215743
25185428
1392196850
1165436292
26247764
61583423
4740756
42690514
1396828392
1396828391
1396828398
1343764077
422854030
1041303146
664588196
1308910447
1115180748
1115180748
23634382
1011961113
784873680
1305807298
1305735303
48230577
1136652323
978269804
1136652601
1136652601
1196580394
964322005
962250687
964322004
1232419822
66514458
176031303
61583423
83821924
830368869
830368867
830368868
831706534
948841882
981641759
1214889366
626441054
1259060206
349785626
511086615
962928683
129559630
472244044
138603867
138603864
846732252
1299864333
1250542689
713631178
1250542687
1250542690
256090654
1158353960
1344796284
375126277
138515671
827928934
371123593
901251930
827928904
831706533
875906011
29892931
37938459
23507923
908876106
844730336
995040145
182694410
182694410
375126266
375131552
375130749
71392278
23026101
56002689
964322002
467202132
467202133
941966138
1215862201
30140698
690116089
20595738
664581109
1199463689
1199465846
26236496
543968671
693633083
693633082
8008858
666014334
3679087143
1214893491
133529974
133529972
186606643
1007414685
1120357075
1120356852
1036448612
808696229
1291296937
939209762
1370721295
1370721296
1370721297
5019818
958671827
2325572716
1159143032
1176120528
602340629
639271316
447832803
396530973
524413614
1396828380
1125687692
346212656
346206389
1128300257
475297457
1144623867
320800604
512773657
1236655680
25701679
402757420
267738201
128746135
1208871046
973919633
24348005
165006276
527596998
4068095
203403803
25204780
25944401
137700060
25538902
383023444
45926993
30140813
29992454
48697475
1120781702
1213301316
1120781682
1120781686
31962807
1303789070
1116849053
46907542
1278778140
192644094
1227685860
1107938391
251945929
387205285
1191568399
283524191
1158958996
469999002
1424953867
1152543881
31103135
844527462
1393584110
1224988758
593851885
4686493
1117962273
29277837
25204782
863190957
183614207
378949105
367377365
367385436
367250362
30806886
30194725
25185007
25185001
1120417121
230611052
25185002
25185008
139880220
52578339
4403986
1120417112
4403977
25185005
52578338
152833230
25185003
320896581
25185004
1113400586
627460044
25185006
42121385
283006420
410646536
1425053217
1425053218
386249198
279125394
283006413
432116461
965329306
1184375986
143742580
1184375985
140964914
310964790
310964789
4611890
40233846
460957077
1070339999
1437070436
1437070437
358219003
1441595610
624478840
176273225
148074980
618561048
25184999
1113400565
1182641177
874079010
868407851
868407850
906193178
961803336
961803337
56544368
384414469
660312215
56460020
660312216
56542557
284737262
30825225
285367758
30825182
147646845
284757122
906193179
282627234
284729550
4400423
52578337
320896579
61820398
56641193
1089678204
1119163421
26623553
1087466619
30824188
1430509387
862218842
66389871
23037892
176031361
26367375
1426082151
431664627
1008961841
995925609
1365829809
1186703459
1152675237
671369232
24439192
6074344
1443721020
48273132
908290700
890657287
20425707
1099625179
47275968
1263834182
48470443
973338482
1101199439
1444499096
180304817
23463721
1432559548
1432559551
157059888
104298880
1446981692
30806884
4400154
206170872
30194726
206170870
156341122
81942927
81942932
186885714
544399004
38345682
38345709
24240306
373292151
1299995375
156649521
26505789
26505788
267429526
42747922
596618122
985715416
24920043
174513552
1105485525
1165340518
30193967
27051271
1189207995
1189207994
673019435
1189207992
1189207993
673019436
1144623842
38197966
4729700
1168338960
1216938950
1271506673
535238340
1214319213
4434319
1436227515
27250281
970089086
970089085
9196068
286770884
749732008
1095362231
892641893
931906298
125550395
486128846
939633495
923122741
1147689419
1383519133
1383519134
1397609473
1149635510
59099585
60333310
76236113
1447732599
1295260361
1295260362
30824622
908290690
1208444857
892200773
617339690
1087648706
1224626582
1224626581
1224626584
1224626583
367793014
1430015759
208264315
1147597430
1409203288
1426052445
430595488
1434635907
1412780879
1425347497
1412780882
44151843
1448619187
1425277728
384136088
828776987
828776986
31824944
31824944
689021662
35823266
35823286
941654328
1374787134
527299848
506336177
26546902
29277836
23993941
1272512085
45957794
1117569675
870463042
1236310319
1236310302
1117569673
45050630
118990212
186885713
38424828
1243585809
1432496765
1091645916
1448401385
1363814320
482886523
1365554077
1365554078
1365554079
1365554067
1365554069
1365554071
1240146706
1240146708
192644094
911564466
1238231049
1254575986
1214295237
1214295236
38424828
551121493
1212039895
318859197
234962913
1279717212
1221533752
1221533749
1277635541
657064586
657064585
1221533750
1084051739
1396828399
396530975
1137481885
1107814655
1107814665
1107814666
24165705
896703365
945966257
1228446780
1072685601
1420810364
1426222158
1227755299
72455659
45038372
1298859647
1195398678
106083855
176031371
156829078
1305805995
1086941797
990967504
294855040
192644094
1430341541
1134421534
344145937
884613615
626336929
385026152
493591080
4779619
48374823
222951780
519414497
465740580
420802798
511653655
1144528556
511653653
511653651
19047484
511653652
1162828203
1162828205
820274009
4711698
233995785
20164470
161535819
1435120245
1444479422
1051036182
1423311499
1168339366
367831514
1071013238
451458154
1415375954
31909835
1274913882
1192114992
1192114990
183576739
1441843871
369436671
1192685530
1192685529
1040940511
339201235
1228682021
1417429997
144798693
1144623866
28000904
1201405886
1370252752
346240659
199847285
199847288
199847271
143385452
1073015942
465637623
199847262
346240659
1228768564
823315831
303084357
518201408
1067893100
518205987
1431945902
1443664573
1082900841
475269388
1444441476
1444438953
657145355
1427559936
1365679890
1182641176
529791046
1192684967
1202074345
1189208000
897835348
9828505
9828842
1208444851
4871596
1213255630
1213255450
1223692192
464904350
1263543950
1379316076
645476445
1183625924
118362592
375112444
358219000
1171507050
764611894
1228623254
1232149759
1263543950
1263543956
1263543962
1105049744
1152543884
1188616401
979562420
1197510318
302207055
1167452704
292869782
464921874
1101580630
1101580633
15388197
708891979
113717809
185775488
1265485410
1265485408
1089895798
1010731429
1421044801
1173143002
737726670
145671853
1426614850
1426614851
8045484
1094721511
129490497
1091599806
1226744448
1097160400
526208200
526208201
523282490
631569126
530765433
530765433
52916128
51167933
909333700
373292148
373292157
389101381
199847276
497247979
1418921836
764611894
1018577047
1022046952
523282487
508948373
454903053
1216717134
1107938403
192644094
404598740
49181334
409325985
