# Hier OSM-Way-IDs eintragen, die zusätzlich zum Matching hinzugefügt werden sollen. Eine ID pro Zeile.
981320816
894814138
1192422300
1192422294
1192422295
1192422291
1192422292
985571367
1192422293
1163475240
1163475247
4708135
4708134
1192422301
1299877596
529585042
1016635210
49262695
42990124
155605322
163379148
846732245
846732255
163379149
297059847
297060623
793512030
479680820
479700949
157449754
1149394829
941966135
941966168
22730329
1319011143
756628176
39927938
23913647
4804662
1054402461
25199729
246049139
1168938182
1418118105
700034140
702310760
1144619224
1144619224
38886346
1415149710
640465875
474758447
1156129639
1156129640
474758446
1156129637
411114884
1156129636
1156129635
1156129649
1156129650
334205836
411114878
508779922
1156129644
1156129643
1156129642
702557463
702557464
34928183
39490176
61737905
489869811
4689086
